======================================================================
THRESHOLD ANALYSIS
======================================================================

Threshold    Accuracy     Precision    Recall       F1-Score     FN (Missed)
----------------------------------------------------------------------------------------------------
0.30         0.8974       0.9055       0.9782       0.9405       3,762
0.40         0.9012       0.9400       0.9406       0.9403       10,265
0.50         0.8690       0.9678       0.8708       0.9167       22,346
0.60         0.8076       0.9827       0.7814       0.8706       37,803
0.70         0.7386       0.9912       0.6904       0.8139       53,535
0.80         0.6684       0.9962       0.6018       0.7503       68,859
0.90         0.5775       0.9986       0.4904       0.6578       88,125
----------------------------------------------------------------------------------------------------
